61152
88140
20463
90706
86655
54290
67561
73596
67820
27641
10923
69253
24566
67300
85460
16033
18865
94161
13664
81747
68442
69044
46785
86787
45805
95820
22313
26831
22889
80979
83025
96815
493
28671
25739
13685
45572
27955
41163
32181
28692
16194
33562
98786
54593
13065
36564
12180
29939
22808
65230
87703
28252
81087
27503
88203
16574
49941
27689
60799
82250
66757
3655
66846
11609
41031
72768
4911
35669
62543
61803
77982
10205
72026
26506
52353
35080
23450
23710
51624
76258
42507
42705
84690
43247
91355
59785
9130
63309
99465
40616
44917
75081
2066
85587
46264
70108
94191
96740
54733
