16647
74801
46075
62199
21977
22022
92678
10789
29790
4921
29871
70070
86120
93476
96607
23401
66041
18684
6707
91666
23709
86455
41602
69746
6686
36296
25974
47338
72934
80310
90133
54460
71234
23766
45321
67526
21037
81408
97558
24644
16106
33493
30708
8162
25794
78210
66679
61793
52421
72762
16230
7720
63670
87020
26357
33824
82354
6505
35947
51089
37664
71213
36939
33693
36468
87974
15863
34158
6697
15612
77069
13798
42581
52031
74627
61682
87647
97276
36134
22760
81615
99196
33488
78732
75056
76984
81562
84499
2880
20102
58359
83854
93971
63503
48499
21052
19330
55070
68088
53770
