40925
10077
37006
18586
34933
42279
33859
30374
22680
59778
36381
66708
52596
6750
48752
51885
75573
53362
99341
80812
86142
23855
69686
18514
18612
57796
39287
60518
77745
82178
48120
53416
88928
29475
50457
22679
31736
44050
1493
4478
30714
20943
53612
33276
87135
88616
87395
60052
80396
31367
50598
48947
91575
41099
60520
59323
51102
11379
58801
87032
24366
77600
1733
73258
40347
73059
70758
93332
88728
17574
53266
54481
31246
85392
92830
69423
63228
55492
80505
85515
49220
53279
57369
26943
48947
76119
94343
28825
11519
59028
49144
4262
11915
24006
78656
6429
42020
12477
67648
33645
