65421
57505
9136
91624
97238
31902
19642
78562
93185
49372
73187
66262
48028
38430
63142
41253
73785
2787
35548
33321
58738
21199
32963
23653
84336
10463
3529
12483
59867
39556
64203
55467
90335
39473
4964
49627
71752
91147
8663
58335
25253
11992
822
89994
59573
6899
82377
4139
6379
72527
42233
18643
24412
73069
68140
36462
71038
88929
73290
16995
52342
92648
11109
4727
80754
62708
72480
78199
83800
8561
12114
84338
4641
45426
98566
76925
87896
38528
82224
85337
9586
53767
39902
59406
76801
50808
85829
51730
33666
24455
78457
46690
96504
73671
87316
80096
82669
45550
95284
9321
