57796
91346
75993
41686
15476
55393
83967
97102
34796
66139
78394
16657
27174
55023
11420
45571
38866
4392
17410
60819
73920
65348
60062
38527
69297
79201
94695
85672
36084
68109
23858
29525
70629
78449
84555
96956
46522
12191
43679
88844
58886
35825
11019
17349
36045
79044
88570
94114
95256
99180
12602
82505
73780
18343
27881
84931
48578
49430
45293
99081
74464
91464
12299
81134
54205
31235
34718
43238
32933
4160
70500
60676
70717
66858
80680
45597
75436
12003
37319
75601
79240
91606
45475
71904
37270
45021
42223
2047
80039
49865
30481
81668
24020
87224
23211
23702
84655
17642
91653
29684
