40807
87559
16922
24400
81234
63708
18760
46662
14494
65902
74454
34563
88006
87452
4248
64777
36539
31356
39663
94232
99275
21626
67731
29185
15511
96647
44227
68871
23604
28546
95689
5068
97081
74193
98405
45335
6596
94831
25793
9064
33211
33625
31230
97065
85443
93570
63491
76366
98512
17058
14175
1474
34694
38611
73820
79805
29996
85988
77858
60345
89587
54564
70625
31942
44296
246
73207
24634
93478
92775
22500
72296
49572
5770
27284
39350
93092
57313
1936
64590
57655
81998
58063
46929
33515
31697
2840
20388
7122
88119
35226
57222
18328
6546
39363
28980
98063
59078
56277
43799
