97549
74983
50842
48701
44505
42452
73954
3650
99480
22633
63283
33468
16047
36603
88078
8371
88495
41019
17793
27557
8035
37676
51011
81370
35443
12793
75336
41563
6566
49536
89849
26445
4344
44536
98566
79737
95434
30488
6993
65445
61567
83585
24646
13780
21639
33477
11531
73206
13720
8929
11366
82387
9767
38557
67279
54498
27800
72309
71405
56487
96562
54084
68126
30963
44561
57326
53734
60552
54767
43663
50093
61184
8949
39358
66938
87932
41246
45506
74538
53719
32747
91552
58668
67948
70133
2027
30687
95901
44182
43950
79929
32601
89218
47397
86667
43002
78654
53209
92003
60423
