93969
37180
81894
7305
82526
57018
61344
41072
92305
24696
20568
22648
82377
25455
38783
12313
72842
80280
51134
91795
43277
99408
2214
80476
78596
70800
45414
31458
48095
63444
37780
33820
71434
48019
67634
65499
6647
47496
74964
39213
26321
98227
45189
33216
43212
1211
64012
97893
11601
19022
11313
86995
50653
60763
91839
512
90731
77268
78574
1702
6475
47415
39563
92497
22842
18405
60653
79047
10530
49949
99296
70053
511
22165
89908
74552
35609
41549
39737
21367
53785
151
62961
9301
99847
15859
32382
13024
13981
8586
57328
97527
99951
79013
26303
44251
60728
32437
5011
91996
