60574
71899
5478
24826
68176
29374
85957
2992
79740
49403
87670
36986
94357
77536
88443
91183
43008
59579
32014
82689
71690
98837
79383
54167
97737
70984
13481
54235
92628
9346
89554
80942
73073
16698
17345
8172
93931
74735
45493
61408
34812
30619
45442
99164
16170
51084
14899
61802
81470
97531
72023
22948
15096
28431
80779
40417
15940
55353
91087
72782
10899
91295
14357
4726
75109
68112
17220
46222
44667
34910
19746
74249
30365
6254
45710
93153
58501
34735
22779
27209
17468
1810
66981
38175
42704
2077
27860
13345
99930
90594
65744
95772
26935
30005
30231
49663
8727
56000
28099
57507
