12919
35568
91722
35678
37670
30498
69241
8737
76415
95192
13318
60692
50223
49238
91302
40722
14660
99268
47050
57991
71527
92602
63405
46032
66468
63988
36599
70856
5694
97434
59329
84760
19987
44499
15558
40599
2216
75140
43685
91163
48464
45622
76588
12650
66078
41623
16067
83524
53155
37852
92152
51124
75338
21496
43183
58918
93587
45801
50536
38829
99827
41121
34713
45581
62836
75935
73923
42980
21264
78506
19251
18515
78834
55876
11582
49501
88298
622
69267
31266
11824
46733
7151
8350
73509
86859
12393
52575
69206
92401
93807
49214
63125
31209
35119
39260
76215
29097
81413
29192
