84837
57433
66166
5377
36974
63271
57410
27998
17150
29719
62794
86858
56991
84897
50662
51013
21716
80729
19492
42370
23113
32135
60540
59440
87157
28027
86825
14556
38340
6124
3012
55639
4027
83362
65219
38299
62548
48814
48374
19635
37944
93588
3229
46674
47415
43393
16766
36653
6132
38942
19999
16243
24727
21134
21305
41015
96855
41091
3195
54786
80576
98377
96417
85177
48563
19374
89265
49663
15550
38971
23193
80226
74630
6941
47754
44919
60774
25343
77945
91493
64797
3613
48303
38123
92439
6469
68775
44139
62694
33204
32594
19945
9327
66344
38188
79658
91851
66709
28441
29946
91021
64410
31417
14873
45206
60706
74617
68765
16315
9694
73412
63255
57835
36111
9978
30197
647
73820
55105
26300
51280
46714
19779
63770
2771
80653
76511
31199
20412
24646
85898
15511
42050
98545
2545
81375
83367
21206
52866
20716
19325
47281
87462
19221
79597
20532
30375
24609
13778
63742
53388
26005
71039
16081
84900
5664
40623
32470
34594
81150
21922
19846
11651
18651
86001
96040
63256
60969
14073
65010
84712
63127
49700
9633
77950
70688
40681
23393
32453
71926
88515
60271
4287
84195
69551
75172
71759
71718
91764
50834
80354
79391
78524
88134
28601
51614
86624
93020
41349
16048
39279
66195
60073
10256
78118
87269
85065
16762
46902
612
15649
5482
76870
42400
73892
42989
29087
89189
99868
95434
41591
97217
46574
83302
4968
82480
69757
75690
31777
88437
10178
97985
48916
42649
71336
26714
12181
20545
9633
91429
96317
50998
69749
56702
9644
70599
51673
98325
72182
57840
69395
69808
21080
76009
14051
780
57086
27637
26115
975
20072
6875
88099
91617
78514
75945
26432
72919
95456
18207
8971
61296
68811
85228
18085
43252
97550
84523
11479
61577
44990
22772
75988
4628
95384
9280
12749
38310
64528
53970
62387
63262
78844
21870
71816
93564
72763
11680
28203
10273
4950
91975
4693
95592
19190
16064
38486
97706
70819
21257
17945
17342
28169
94093
41387
34916
20198
19241
54193
90392
94745
96249
63139
76180
71221
42923
72458
35076
82962
89571
6397
841
11028
34419
2054
30823
37472
63478
44255
73882
29877
59299
5892
42275
63540
53296
6514
82827
42184
22468
49679
86234
31640
23006
77459
73499
86764
17694
82593
94817
58318
85780
77595
21178
9620
42328
5495
31101
34125
97791
17016
6721
98903
57849
90856
25662
52823
96445
54824
56190
6099
60760
84529
32534
43621
96476
64000
31783
36126
58595
96392
23937
63835
27163
60451
24217
81018
57766
70481
87730
25262
81745
57061
34439
7753
97107
21406
16387
39351
69871
81770
83495
44215
66297
58656
11437
56041
72113
72607
8051
15219
29364
30006
93881
76174
19088
98585
63559
48906
57879
1250
52241
75119
73839
33535
20503
59211
41707
94883
50202
23882
65832
45313
14053
10118
6271
69018
4658
46593
70079
93245
87744
45040
22219
79649
10826
50537
27222
90125
72903
53991
1146
47980
89694
24471
88223
21024
80487
64659
66887
9495
48609
84447
37899
96585
9313
55369
82820
83772
49374
295
73896
77783
71883
42577
36227
12086
2151
80519
96337
29124
92292
70001
2856
73628
81436
73494
60288
65477
78647
38848
35201
43734
11266
10373
27680
71834
60733
19759
78170
14962
53252
87368
64277
92195
67008
26883
10655
9902
85300
33253
18673
86139
14537
57584
20671
20404
52024
45060
61748
83560
49898
19934
26042
59337
90099
48029
66765
71535
9260
7451
66652
17305
34765
36937
20383
5062
21135
14040
45010
84315
23688
40500
64120
77841
78984
46553
767
78592
86572
29456
47477
68639
59479
54493
18210
18709
90390
20386
23055
68767
25965
64003
24347
61000
84889
88280
37945
4494
38360
83040
65571
80542
55350
28796
3427
83214
33533
45837
38573
65429
40120
23560
41391
5707
71641
76213
13554
48301
43880
70613
17165
17649
98791
83036
94852
41735
61819
28105
65253
83651
64458
12282
5340
5852
54246
47053
82157
62480
60745
6300
90861
13099
66223
17708
90471
94246
52318
82125
91750
98835
45670
18875
82775
4006
11899
88440
78704
51723
54224
18736
80046
58697
4664
30606
32060
98799
93469
11817
82911
20494
92661
59548
45272
7085
44413
49426
10928
51027
67474
7832
97065
93761
91585
46934
75735
89842
18487
19731
40020
62844
51520
83486
48041
9459
82696
38581
22301
44106
43851
90029
36759
30702
44624
91312
75791
48842
98324
90148
88880
83727
25992
10720
83108
80161
50310
6716
94968
50030
63768
80794
30251
85435
81394
31666
59656
25696
64826
60351
56889
63471
69616
38246
59638
19214
44955
99863
74698
15282
2627
84321
11320
36541
74744
19784
54166
6349
15489
37928
50543
44172
63577
97353
70964
49674
22671
85458
97404
16003
94740
25239
19360
31644
69379
28972
27876
1492
32936
21753
15905
49936
26606
76305
79469
93789
38579
84109
43921
92636
31245
38761
64072
91436
30103
27475
9491
4487
39656
32239
44173
61947
29639
44992
62265
89905
98854
83346
96798
15561
665
16722
85273
7840
13833
56152
30525
80624
81857
49809
49234
21315
75368
43572
69912
7058
61002
28479
69415
63350
59150
16532
35767
38164
78207
60898
42329
27317
30761
47031
90092
76027
93590
784
30436
42144
42634
78514
53753
86662
1832
34144
29500
1095
19717
30738
41418
48653
64765
83349
49776
89225
27483
83696
62001
63024
23096
51333
36766
81193
33868
49090
58731
41897
41806
37162
37224
87093
58324
19299
11995
11342
52994
3034
82947
27252
60201
80172
13666
39415
65542
51773
26705
26617
66520
44966
94124
49164
47544
33787
779
85975
24866
96089
18877
14220
48288
4871
74962
84837
99418
50792
42143
73326
98552
14342
58172
6965
36626
76373
38320
92492
74402
54741
7556
5153
88156
80789
63266
52254
33355
1126
68176
11523
69753
40578
72498
38691
10891
79567
85355
46476
62765
7856
52775
37706
10241
42429
48793
55799
61048
37796
84136
78490
41064
48871
46923
78264
21425
30650
26120
64914
36689
16261
91575
77177
44359
61314
62130
73426
38819
23114
46662
26423
63002
99074
31275
45456
86327
36129
44311
52264
20214
63735
36803
55332
40004
29212
81494
65842
76593
47689
72566
44522
81944
73532
33774
10896
71043
37228
10073
57899
76415
14630
71820
90468
95507
57057
40036
16376
98139
26779
10185
54583
80415
85342
89806
62892
23542
29968
32937
82756
42058
18669
58639
48988
93711
18761
82927
81264
22264
