25852
71613
47475
50294
53464
63968
38450
1089
96814
25634
97959
78017
87171
61301
92583
69285
21527
63823
75234
36759
8529
44694
38652
18769
29043
16449
68714
72012
87700
9975
16209
60196
17704
30533
40593
44181
38253
71090
76903
81275
18690
70679
61192
10029
6278
2231
45882
82903
75812
23867
66697
74363
77978
94362
80568
90833
48897
88838
33373
57868
22740
10329
98017
18074
98413
46721
3566
87625
91469
11557
46661
4085
22452
92641
45241
43342
7890
44658
93266
74715
74482
77956
36272
95946
87748
97431
35256
39057
59433
63565
90724
98163
2456
34473
53512
37340
49403
33852
3836
42914
3154
87584
77345
20654
63127
39349
43196
96971
92116
26113
67168
14882
60337
38417
67488
98081
73516
22208
13907
72790
81424
67690
30710
9245
96352
50223
74713
87428
84131
17799
82131
89470
45393
33292
19442
95608
56867
19668
4298
49285
59314
8218
95537
33927
19133
40789
32002
75566
49560
29717
15231
56356
84792
94539
23602
66129
76184
34248
98645
76522
76822
65822
1143
45031
82579
67
78863
31516
44023
70643
85720
52408
61749
52559
12752
76022
14959
8634
22897
41891
2895
48389
82019
3096
28733
52233
31044
94726
33658
62665
99655
5439
70941
20430
96159
87504
34086
96037
6429
59487
91187
42793
35881
85855
49415
70775
90369
55398
23024
52667
46492
81958
92086
33278
85440
32710
23757
17884
56826
29673
74512
25976
57577
40294
72289
41822
2309
19513
8946
92075
19199
52628
46444
80304
64051
32275
40573
31981
32189
34389
64311
84850
31795
3124
29069
63209
81277
91399
4712
21783
91175
46749
13763
6133
25063
49526
42359
22162
15048
24718
11952
86529
83557
18603
81853
49541
37939
34332
66356
73346
44163
64088
68387
40521
94542
91281
58757
21371
44270
88586
81701
46932
91994
79526
79532
68668
8646
64648
90386
10430
55083
9344
41488
41891
72559
54546
38598
54866
11789
89242
87801
72392
81222
60266
67284
37302
6862
42548
2627
68914
74830
66032
87942
61028
63984
77516
53720
93083
21382
68813
71639
94887
80375
14411
49165
85604
8454
87782
46100
58586
87489
79626
60330
74638
38833
37099
12254
47320
34462
76980
60393
94917
54527
17887
51002
4734
71024
31177
20406
58389
17103
57921
49490
11046
20841
47228
83548
83642
95416
73275
33627
65172
546
43207
81993
2868
48362
35238
50030
2915
85250
49261
67667
25884
29206
77009
81830
77633
94869
14952
83595
81262
9797
71696
43998
20463
11989
43142
88635
63183
8217
8224
88140
63609
5307
63471
41713
77630
70087
73515
2942
62430
36535
73121
20331
89469
73836
97974
19975
40593
90411
40208
94274
92311
10687
92856
67866
4066
46720
58989
67110
82749
20451
68341
63792
10402
75375
44131
38630
66940
62482
39139
76406
47533
60905
3658
54253
24678
12440
89582
43469
93628
73116
55115
41645
32002
43569
72868
64458
17272
73139
15791
5482
60893
42705
55191
42588
55826
91760
89214
75276
66015
27846
60341
20897
17242
25016
48326
63895
29391
91463
42121
46371
8563
180
93143
16310
75523
82061
6672
57820
8294
90263
17208
90461
70418
76750
4376
38779
25277
48374
51430
19833
42196
40975
20335
52949
64627
62623
5702
86324
49139
61548
27298
53751
91467
10413
46571
86554
68924
98976
157
19768
72019
8831
85195
34953
10176
719
12123
54312
79884
65383
98107
41149
35809
24758
89895
51760
33852
11026
39593
46148
63403
3324
37202
25757
40304
97201
87236
67706
98751
96737
3172
8834
4701
20202
14979
25613
11500
14535
97845
26415
41322
72919
17580
9136
16415
58614
79610
30276
29650
60871
84627
10922
15204
98333
39992
19455
86580
49990
78077
91233
42677
36917
52
95606
80885
67548
4247
47492
86849
41596
68456
75186
13023
11102
37214
43391
49345
12269
34142
66712
73510
90973
76142
49274
40626
79995
21167
27111
93377
31955
6651
92850
79590
40813
50240
98599
18331
39903
28590
59103
97826
77381
63122
69762
67793
89545
59632
15552
55213
90740
53869
30637
81237
98465
54034
73582
53548
52325
31002
47377
79768
52849
46978
41740
35616
90063
38933
18280
81329
92323
79510
66785
51892
10269
8097
11849
91017
61344
66065
94118
43850
97522
32639
34373
12341
16359
81056
45923
27880
97906
46316
20317
48300
39710
45616
26351
76659
7183
44398
70838
91443
69862
33135
58995
75296
9010
5332
16325
3568
65980
83229
97686
65703
3834
92051
85768
16933
33685
89911
37400
55556
86089
30788
51322
13135
97588
61657
18672
72630
83520
78933
31950
20512
13387
98598
14392
88396
29746
52084
99654
60194
40273
74483
98387
10474
77724
35076
42565
50551
91536
49138
20267
54911
77138
17712
36322
45387
21514
10414
49900
10897
68910
79046
24059
83856
963
2712
41394
55278
36479
59632
76007
55828
11675
19724
73880
83451
36022
76654
65183
45989
25240
51603
77690
50060
67660
39708
43753
46332
80619
66528
83875
61669
22793
94240
89001
79779
71899
80916
30027
21902
79219
77407
88435
12728
45354
76221
98005
86404
64506
30177
98480
71828
56362
90628
14737
54193
20352
29785
19394
65545
94841
42546
95285
12459
59506
22241
3186
30240
6059
21904
35553
64272
17897
23688
61527
66604
50745
81121
21589
39026
549
64743
13596
20509
37232
6244
18819
13559
42916
96200
70190
63586
94406
99094
4661
19755
17149
4663
80115
19247
34329
49911
70573
15123
6454
87712
64448
35329
89349
52462
67349
23658
79195
70639
98396
45174
87187
84321
99666
61081
84022
81124
72585
46620
46916
6728
79640
6468
84848
78907
39127
20884
28982
16290
72618
18323
70108
75550
73188
9036
88102
88338
97945
44883
41795
26035
86307
72155
49534
5036
23724
43540
91639
39226
21825
27086
456
79096
49116
57269
88314
15075
82989
43591
90358
69535
14123
80680
99748
77125
40534
9503
48392
79107
88393
90837
79069
39328
96151
56224
24830
45522
84542
31403
28593
13192
84848
88407
78650
44216
1631
17207
3340
59908
18263
58094
2419
66990
51806
96590
94392
46617
97997
98895
19255
53583
42829
79210
70183
84390
30181
26050
97954
96811
94358
54339
33659
19122
42086
67203
21841
85426
97450
28097
55716
85006
33638
54500
80230
16956
26922
71483
44609
96833
66455
75801
56577
39413
54662
11866
81016
12400
58131
92377
18803
10598
18480
41922
85737
10013
4460
87867
99669
57705
83603
26393
39219
36805
49945
56699
72198
57819
6159
33408
23129
90246
