38891
23586
45291
64129
40923
82959
55745
65754
75651
53579
30131
56343
56846
26327
51899
99047
60599
48452
44493
73411
64674
4114
94504
61714
50028
84066
4865
72529
2943
44581
2688
23004
57454
48378
3545
52631
3350
17293
63382
97088
86569
83497
20316
65761
94670
12641
15476
66192
5151
20375
21818
57901
52561
4919
92320
86549
52775
95129
3932
64522
60729
26280
33145
97532
91700
25274
14682
32794
75119
3092
76028
49326
79014
36895
51645
66814
87999
71342
2623
58568
7662
12096
44917
29518
83696
78757
10021
41024
20144
2949
80270
89377
76997
17991
23564
58684
31946
45363
75197
4969
69483
86162
74072
8102
52
6622
63784
18391
90772
66047
48396
98945
2510
36127
85809
81137
66514
92571
49194
31597
69976
29712
45671
95356
73171
52801
44562
57681
1095
5677
67310
13311
63481
14090
44152
2937
99365
59931
13152
5747
15440
15171
45624
74625
33680
89379
71260
35626
21866
79672
39188
94422
77999
70991
68730
92967
98082
57575
36122
91853
5012
73617
80718
66539
20416
24537
58989
28897
73802
29632
48913
29585
49189
73500
94665
14595
63104
51833
17671
7173
3893
85722
17609
42786
62351
44857
63211
59746
7785
54779
52112
93462
41646
79520
97792
23173
45719
38272
93543
16208
53086
75297
12080
84967
16348
86707
24634
44033
47943
79731
26248
38268
23106
16067
55093
213
4894
51710
44662
42900
60541
12918
63422
6340
80026
75718
30737
46639
84624
27447
98693
97110
4286
23431
24605
74555
71067
34586
89303
62716
13319
93810
25879
20502
57275
96703
68134
79471
44754
47962
55472
57015
96273
77067
82055
23382
14329
6807
23210
26924
77360
50431
65518
74523
27793
66380
13466
27217
55472
41954
40899
15883
41554
61114
92177
83468
17118
8740
38494
6351
63232
44208
70048
85165
51970
68163
90529
14338
89870
83814
48414
39927
58110
47025
55850
25167
79043
89955
84494
33222
31950
2415
63019
56049
16609
881
89945
4611
90251
81738
49078
14293
78811
63993
90028
91050
58294
61375
76204
98156
17472
13281
92449
74125
91115
87601
27923
63813
93977
19295
43184
67652
48357
71750
93467
66646
94093
90283
52689
94721
9065
88766
42171
26089
5101
51041
88389
55550
88962
20823
18324
80074
55597
44308
89328
13298
33556
20473
7611
50985
33723
88726
22715
21183
19712
83962
64682
16086
35475
41708
99493
14174
4733
96733
65046
88025
85766
27611
21776
89518
38302
22909
56503
44289
5905
71865
22761
25489
90669
73248
55034
18500
73958
27565
67287
83059
24841
66614
4899
2542
98466
42982
53719
76034
9407
88054
48809
76286
81159
71124
84715
19036
44793
86734
29696
87449
86907
89430
62025
96515
16379
66317
19948
90409
7855
88319
66758
64890
29127
34940
25323
98007
25540
30797
43677
7794
49667
69701
7543
96978
13737
1511
32000
18620
17384
71627
7787
41540
87647
92457
32160
69127
86746
36874
8674
255
84174
81686
55264
81938
10363
81873
93103
26580
96344
20137
3775
95051
46629
77920
56492
86081
14521
6181
76646
6456
17303
50590
61526
14541
13769
46037
50478
81257
72849
55193
66304
1270
45237
23540
74408
7360
94468
34130
37928
67685
98039
29380
8764
94644
88048
94358
99143
91304
16172
94554
9371
93936
71463
6880
82971
15887
48546
13331
12909
7488
30875
52884
3793
32773
45885
28255
70138
40549
98765
72727
21601
70325
66397
74576
36478
60791
57943
83260
88854
76883
97320
34624
4548
25793
24269
18023
61291
32663
7287
32076
80060
89497
36303
18411
3167
21074
44238
5423
52639
58655
45369
12014
15222
39709
53709
91392
2391
97412
42351
38037
80343
79715
27156
45637
37934
59746
96098
52042
29465
41317
80450
25072
11434
45403
97744
18228
77254
71123
90095
85118
11722
52482
3118
27923
24607
1303
53193
55954
31582
41166
14090
32919
5451
19454
31072
36408
9241
26205
82164
55532
18093
51454
94251
16660
34987
56705
11034
23430
91785
6866
20171
82433
65338
17200
40673
88730
97894
18929
34054
33822
15867
16007
78383
7689
89437
18080
57559
77288
59020
68834
72159
34913
11337
85597
7576
39392
55109
40494
86373
44532
83804
34103
42985
30195
87438
31475
96538
49433
99940
51004
62358
36074
51833
2469
16809
40190
72321
72580
44317
66262
62034
29043
64860
39545
5107
14834
69390
26676
77401
81337
38459
33626
95147
33131
91980
50958
6369
12034
77065
83953
66345
88115
76750
29677
51015
22093
73236
56285
49685
36596
66990
9814
36656
8654
76714
24017
97237
91329
8505
94885
28032
20718
43120
59855
80422
63828
83640
73389
40203
75328
26102
25607
93102
93488
21141
61709
34822
84607
21866
55345
67782
84161
51591
64638
92120
78165
69941
44931
68845
58067
10821
71383
40123
3325
19934
848
74439
75832
59535
29817
89553
52654
52119
223
75270
20683
19957
10682
20303
53810
69272
45679
30204
94113
70423
39912
29261
28432
4048
35577
90155
73271
99480
88435
85496
29293
31477
93265
18842
64877
94849
79439
14798
84524
42
74316
1806
86886
76174
17873
26679
44515
77751
79008
50967
36491
40090
24521
13550
69736
40760
87651
87572
3635
97648
72090
7348
77234
95615
75621
9012
49654
92393
82052
14649
82727
28051
99307
2344
28712
95686
35667
76910
94034
65277
14124
67234
70936
76607
47192
57308
40091
77106
39643
83029
43293
47798
61837
71948
40197
23582
9171
29189
83574
77091
95467
49094
42207
99487
79339
49235
99669
21010
46184
40163
63224
29236
13103
44051
53252
39601
12998
45286
41270
24153
57861
84748
40725
72554
38323
42854
41915
86951
96177
95016
98100
3215
9989
22136
96460
1133
45237
48611
19213
9141
76743
74079
88806
9760
35358
53882
83204
13515
43508
29328
7344
39204
26892
81066
80421
42508
52245
55894
18948
36888
97921
30919
47877
9831
44905
87770
50803
51394
81221
13441
25530
18486
80042
42650
31876
18717
53624
80054
70477
80596
18093
43830
94859
46492
72605
43032
66245
11338
5576
43903
46232
44954
90110
16556
75904
16689
98049
98541
74274
36412
48338
64746
34950
90632
83563
11802
54579
18326
65613
93489
33180
35132
13113
78307
18154
28970
4763
84869
40128
90321
28326
83148
50097
97324
92814
34540
17283
17021
28563
12197
70959
49527
67215
96085
37536
19195
63816
27029
61625
90126
29894
51824
78766
24138
33732
66412
87290
1259
13519
90114
50118
27788
1940
2515
35006
25961
19546
48510
14100
