85141
73638
42221
77521
53563
3892
92428
89813
30839
31649
24273
1133
88673
48717
2999
99496
76170
22742
43497
51463
52917
56103
94025
46705
15928
51663
36870
88238
88637
57467
1576
23382
98166
59398
42761
56741
91200
6861
91430
64817
1229
98767
78706
67767
16559
12739
27202
91507
15379
6017
3051
90472
71833
95067
39740
92460
13086
78916
84543
67305
90120
81678
45468
2200
25874
79343
80371
87817
73073
52416
34933
20506
15307
73284
39080
91669
63659
33333
73224
84086
61894
4450
36822
71562
22727
2254
25474
56247
36644
94223
10710
44834
91166
63905
51654
14618
42379
13796
19032
33716
83544
45956
31035
54597
19508
42048
15740
91057
52790
55180
60174
53477
20065
1936
47250
93384
31971
91479
40789
68945
85196
87254
53488
63127
62045
77189
16339
24464
62274
52423
16829
18413
82990
92570
97923
96831
66971
9987
60163
96019
62327
20142
80167
15945
93696
35921
92272
80906
93046
83445
4416
50357
76994
79225
68745
69728
67497
70976
62009
83297
48480
92797
64197
69077
90673
53951
37558
6642
36530
98649
10882
38579
85643
57048
60697
50525
87426
84710
49940
29682
70669
21401
36540
15960
43988
69021
57181
2888
29675
96962
10511
45922
74229
49128
23379
21893
26831
61386
77218
84798
44870
45446
18682
23991
87427
68061
23162
92680
62678
91101
64799
97546
47782
26795
48195
18863
22037
67331
34769
81467
60429
82648
24543
80073
37170
28079
25594
52115
23344
99437
62475
87403
88596
25356
20423
86533
51032
45615
32849
61003
72066
78398
90289
49305
28886
81352
75742
33030
41673
66172
8462
19658
33769
55683
6726
44266
12480
93447
31428
54754
67135
35813
37917
25376
78765
27409
74386
32086
51584
66128
69345
70247
75439
96178
15644
49335
69717
60510
86834
89960
69658
66886
31589
23625
48122
83580
89785
67403
42195
33720
34433
31400
18808
68660
26116
78317
5050
94084
85947
24899
246
68272
29268
89007
45962
34213
20833
3992
32330
52838
82546
57755
48040
59874
50996
93131
66622
97451
63761
96130
3013
55371
78685
75371
10155
51367
57691
55973
66663
99743
78872
64108
5339
97522
64559
21901
90379
60700
55800
31367
60723
89425
30837
77245
86109
88923
64754
82154
58462
97081
48872
11596
13126
28029
4476
11770
59089
96121
63168
11364
87795
67324
38432
6023
57506
29528
17255
95284
21447
58805
35414
18241
92623
23990
82679
19034
15760
8221
76756
32322
80222
4322
75771
91241
58594
6884
37485
72868
65925
34331
89562
71599
38244
67792
50141
587
60514
60480
63663
49594
66364
4805
15877
1607
26892
12394
15740
9538
74001
16711
82067
64668
83426
34113
79565
1503
68613
54726
73201
54658
83396
2630
53189
3908
54746
18556
52744
97628
49718
12721
15140
30023
28086
64960
71593
26779
92670
20616
4561
13452
87782
74145
92071
38372
91500
21957
31935
25291
2766
31335
23081
96221
80351
49024
34789
27799
61843
69990
70212
49390
32669
64939
55762
96400
37353
90682
77610
67498
75289
2189
13412
17995
1255
6114
64539
49179
23869
95413
34836
84400
99550
46129
57682
13267
48855
51420
37049
48719
35903
14678
52611
71917
50204
57818
90645
30914
81818
2979
74111
54618
87735
37203
38231
7934
30024
90453
20994
96829
43702
21644
92848
49566
68487
41933
74378
42106
51726
52151
38147
36756
46519
24376
97716
35328
97641
2202
28119
67820
36364
16471
66109
95167
16574
64616
51612
44519
34455
39006
24202
98157
60377
84842
12553
82694
35212
53045
36221
40700
7996
12610
67185
9862
86259
15171
64522
5764
74703
4826
24840
97406
1528
96199
59385
55505
15663
51558
52796
7794
26357
29083
98107
49427
56824
17848
91805
20589
36684
92157
38240
31564
16595
63858
36378
30906
16206
87566
63382
80579
4472
50414
81459
85308
28441
95242
99866
76062
66089
39140
33153
24918
19333
80453
27785
1705
18547
21725
91292
98018
27589
83964
30522
64633
42004
7972
87576
45632
6851
35967
71174
54746
73226
36381
59544
29340
75872
30464
17938
44996
69695
12731
8056
98900
2997
77907
76091
25149
76281
21745
1699
5212
14526
69251
38704
9652
82547
37801
70884
19151
22291
17580
81632
17190
53715
73402
32100
29055
63045
61950
30298
4282
58862
83216
88148
73473
97444
90388
93926
99718
77271
97844
18237
77311
73232
44249
16847
92376
39162
82318
37643
20289
31360
4184
52721
28860
27021
13582
35433
77566
5817
67176
7282
23143
82076
26927
51428
27295
84490
26709
49590
24309
92318
73429
79122
95493
72244
36996
55161
18727
86757
28989
60601
631
9386
3331
91799
91921
89976
27001
19497
79032
78066
96342
39281
66363
5815
37490
44827
58160
47529
46642
70350
36187
28402
52892
22030
60783
74339
77675
78060
31908
27272
17287
40456
49557
9709
27546
72126
13424
1583
45658
20331
95115
5218
47935
25737
1606
59872
82403
6948
69195
86486
54480
13870
74821
71726
39931
14962
68882
99077
84818
95093
72127
38410
87472
73413
79320
36043
80190
59375
40669
32835
705
24185
70070
28980
93492
32075
51775
39310
37960
80463
43750
58659
40774
72088
64957
86519
34542
7936
19056
31071
3764
45403
63039
73260
60757
7228
13730
60318
52325
35386
70449
41756
31756
28564
89112
65214
64368
67395
39505
71533
72563
45149
11040
59329
51425
4521
28671
5091
89960
712
91422
85810
85458
12492
87449
95938
71677
7557
35478
48781
27225
20036
35706
61686
40165
2207
74624
15516
93914
80555
57939
67780
22217
67888
99043
96117
12142
54447
52099
42864
18300
5358
55882
14927
24884
78339
41037
76337
35977
54078
6079
1395
87625
66255
2324
92688
50346
35014
51992
85177
60629
90690
75270
91417
45904
82237
20322
65354
74499
72363
99438
50225
73603
2722
14161
60029
39675
57060
29446
14402
83838
31245
84802
8317
53812
43470
24695
43163
43263
35709
64892
21216
91714
10497
82735
90211
76415
89942
25152
15878
16009
34122
51340
45104
79269
79706
55436
1673
72363
81792
54149
63378
60115
33947
3776
38112
47576
96325
28608
24153
95733
26216
70766
49568
22885
43376
33670
62872
81276
89796
30371
63640
9855
49724
39674
1868
79671
10253
87512
3529
48931
31384
31622
85185
46450
89850
2531
43616
87379
71114
1259
53041
60839
22287
66499
90613
62407
82185
95652
53020
37356
47814
6428
30984
87153
54617
77711
15444
60720
13322
61480
61707
77711
31389
8625
66945
45756
84398
32488
