48012
63390
46766
26334
52331
22264
82829
44861
24515
15060
82969
24582
53639
45509
23600
69295
25588
86221
21572
27165
53378
78068
55325
1775
51166
33732
46604
8355
7139
63521
29845
93888
54371
38747
10506
5606
98578
74651
72813
42474
14633
15456
82295
33320
90690
29327
89456
55686
23822
83610
60555
17799
46903
90841
17607
88379
35228
85644
63973
39537
9800
83895
57633
71503
98474
94972
59519
88199
80148
19233
22581
48891
6869
40935
95500
80446
21482
37398
37332
6770
2109
1095
39916
4545
22023
46652
2373
36499
15811
70596
10103
26215
22583
26974
69582
13464
66346
86559
61369
31142
43618
18335
55214
60569
16531
46242
16240
67660
1689
5859
99309
52005
90585
71299
22958
37647
4865
73718
97198
76272
86330
3779
73599
40956
84867
62640
79601
61588
92184
50245
43803
77783
28447
84404
97676
78922
30624
8047
29630
9096
28990
65978
50575
38233
21680
53974
14281
89793
71363
53100
41792
76879
98382
96855
56359
58473
19203
22528
84823
7969
53822
2249
22002
944
36400
29539
37770
33607
61103
56900
69337
66416
77127
88321
95358
16876
71470
61317
21840
57711
80292
73377
87058
34608
5512
63671
4374
38749
10236
59829
26490
50311
47856
1313
47352
32139
94254
45602
19791
94424
57388
627
34020
28826
56575
36485
93727
52386
76169
13331
28987
40570
66291
75262
72588
33003
21028
59483
18951
51466
20017
54079
30483
22929
24240
32827
96797
19502
98163
33214
63052
45037
11222
70749
56604
55758
55934
38045
15011
55373
20953
568
96499
2434
18806
71768
24243
80008
37701
23418
3572
43927
10413
55122
4370
83284
1534
74348
21414
12297
83253
10663
11555
77656
16872
57981
41384
77927
68549
37694
38185
75776
12892
611
60630
79538
3191
61199
84054
40881
27136
75279
2108
3769
82369
26358
45528
9405
59156
66649
22612
27303
87411
65270
48293
94749
4841
3863
45471
74359
37153
76000
22208
20320
87723
36019
88339
84759
47525
41417
22910
7728
2180
32575
89005
34120
53858
90915
69280
76872
72727
94889
35704
49342
34620
61655
23696
96678
91738
76112
16886
20543
68146
36658
65486
85779
69820
11979
5701
45195
21306
8073
15688
76322
16318
31019
4481
34330
45370
10273
50766
26237
88373
57537
79684
44635
12776
11695
14715
32856
7778
78694
81323
34929
36195
9951
41379
25176
15423
13734
14048
94912
20871
8855
59112
16218
89737
3772
85673
72607
67021
93646
62594
77505
75956
75746
51307
89463
19920
75715
53313
78366
87745
82117
98339
3297
33281
24991
36923
419
35595
77670
98422
97323
35121
50226
4577
81537
15492
38587
38977
40596
81162
8929
97297
61638
3634
58255
92083
58246
56708
29710
18765
6000
81500
6477
10724
44868
54722
92247
65132
29181
68109
15148
87808
87671
96444
6402
88252
6702
86267
78812
56963
10725
6844
41690
81305
2074
40787
9468
54018
67355
35295
67572
50191
63767
69815
26316
56590
2664
88782
37916
29315
67891
61571
72759
97161
49513
21615
12552
12688
54398
64992
48757
48081
70827
72251
87391
84658
53127
9923
57025
16453
54790
61531
30089
56928
65226
62387
23473
20935
46781
38656
17869
34740
11236
59139
57337
15086
7226
44166
89742
52171
31906
8474
89087
68743
3706
48225
81417
7125
88651
11224
88365
74910
13324
36167
81055
84480
10343
72593
92544
18679
83418
89489
74803
21890
49307
56180
5496
53430
84623
3309
81152
42772
69831
60373
44067
26449
44243
80030
12172
70208
31697
58584
90087
57355
11338
68317
94366
98226
47912
77726
72453
96207
59665
10626
35391
69181
38147
39383
396
36566
49208
24
31447
5618
7849
47517
72647
18739
27835
2312
62823
76656
9994
30562
51011
74099
36376
45873
77464
81966
70293
22303
35155
16436
73217
37412
16033
97228
20872
43697
83411
95304
19066
6807
58327
34346
48395
45391
25067
73763
71338
27173
67382
23691
8528
33123
2261
69132
74664
11059
25018
50037
71246
99559
24837
2334
37839
37867
1408
12274
54924
49553
63742
61974
55281
23411
76092
24751
9079
74102
17340
73253
77070
96383
68298
61563
50126
35820
33855
85453
81566
24123
9330
54005
84071
4399
35346
69881
84044
82795
38679
82042
65648
91923
48894
13772
14878
1125
20312
31381
17570
54682
14989
88086
39638
60174
37593
37976
21528
28808
20243
38915
89841
12118
92108
70997
51030
11570
82674
24586
74339
93011
23560
65965
21504
93732
87862
76700
95448
68911
9252
51986
20257
22025
10319
99830
6613
4862
26222
85744
29598
50275
55136
7053
40560
80438
47010
77555
26930
57182
52934
3560
57320
22630
48979
63848
86629
73014
75087
75491
63153
53818
82776
11519
12228
32185
10836
77279
27468
12870
78335
23509
19726
57170
8576
68285
46954
71324
37024
95654
14922
7395
2761
46810
9034
83225
38968
23412
70009
23016
57372
81792
77235
69892
5145
45452
75583
25915
41244
58821
47768
35749
39933
1411
86762
66112
74020
93977
87360
30902
44799
97064
26626
55675
98128
62649
95702
3797
91391
98754
98811
25180
95059
38145
42415
97878
60893
71510
23454
61213
87023
79988
6027
16878
33538
74513
45623
16132
83082
2193
50727
90012
88570
79655
17303
30362
93887
34101
94570
22197
76029
82885
59147
82123
76779
79169
68460
19109
75773
98546
78740
34296
46742
97314
64933
92909
17635
39793
44208
45083
53735
25270
9945
54540
56220
67563
56628
73436
95815
78472
18713
63826
32203
52171
78252
85109
39525
78613
96462
26064
38173
25339
32240
83096
75515
79413
17687
53725
23858
92847
23946
83871
45362
95502
74307
53308
90554
83996
10860
44365
95325
98902
91354
47315
27734
88104
1833
2848
64436
82522
23585
47282
30177
47139
98797
66902
9528
57928
6187
70357
87296
87579
52883
80303
41196
34901
3661
33300
67710
24521
97898
69958
92788
61346
98901
99301
7049
96579
45582
39240
56633
66067
61033
57116
19977
29884
10769
1250
26510
35634
33343
58595
8631
66000
26784
727
65236
63733
35532
18844
58366
62183
76155
63578
94768
51667
68282
31335
70465
58731
46538
46849
54221
89097
52101
17948
3203
5020
57859
39511
74843
17277
20380
44780
62472
14175
24024
62616
91542
28509
91173
77552
14367
43164
6521
24907
43325
99058
88064
47383
74964
40401
65354
21423
93071
52593
54978
99286
26134
64382
19314
30876
39556
88156
71615
57085
86043
12553
86649
95416
56874
81239
57465
75169
86
63807
12145
