34185
8297
63149
3409
39792
84473
77973
27878
35641
5845
4975
1636
24185
26715
61317
94770
63434
26734
5661
38815
99175
75827
62229
54789
32581
98939
73416
18108
13519
23461
70698
83348
55948
35927
56214
66289
65511
48263
96560
16302
40811
18162
9133
72521
10482
45963
13503
66446
99311
6670
19957
78674
51179
1961
90349
26351
51967
3303
74249
20229
8499
5281
84145
89794
75715
5415
18780
26053
37863
79558
34822
20026
19086
55766
10797
46882
92770
37282
49828
53915
52526
80121
24197
79451
93289
68404
81611
80452
23312
85008
30601
95639
59389
3335
2313
2624
76264
59980
6595
1941
56872
39989
62015
14278
29100
70583
191
45273
74521
40050
35017
75112
22303
3308
93802
74282
99971
86095
59489
24454
97883
84763
26194
52243
87637
24460
39961
62881
97170
18935
90735
27933
24011
34094
14893
45568
44160
47307
70684
39652
49991
16128
95880
5397
38304
89436
80039
81841
36147
27954
35063
87947
97550
72333
9158
78778
30510
3187
27137
65895
74889
35186
18806
84816
90445
62853
93458
70107
16862
14880
4503
16926
13933
47350
90388
48405
54116
17163
44170
53223
10058
4522
32856
29173
46330
220
5746
54073
59390
21664
77001
39823
38782
54164
91982
19144
90402
82434
31657
97186
61824
61867
62678
75504
24871
36690
91596
68152
51266
30749
30296
43574
98517
2267
43656
89069
98560
77840
21893
53290
30315
64263
63923
44371
46604
92494
11724
72549
16377
4035
64805
64062
46713
93653
45009
13751
930
20861
39477
93428
99897
52455
26189
64619
44524
82090
63436
34680
60293
97210
96705
23459
77068
68890
35496
47912
16156
36824
17172
18038
96834
43912
77972
27163
86430
19066
68587
4601
88936
15547
26055
52594
91499
21748
16969
79290
10442
81401
76002
49263
50892
99558
93066
46220
82196
82918
30050
35814
54480
52900
62378
47062
70815
1147
66951
60715
64638
36263
58406
57886
90396
15142
10485
84139
9611
5067
45655
91595
68499
3106
87821
53975
52892
40762
23655
599
98404
22637
58083
40456
65947
83352
74630
6196
79410
40433
46034
43036
42932
41836
22103
52892
20564
17638
87156
30245
88274
23548
7990
40798
76151
72772
48308
53373
51079
66916
12615
19604
19488
64504
70515
60280
35247
16890
24009
82900
24723
51396
6837
6835
27998
22045
24202
45048
80825
11750
18841
15656
56359
42377
55714
63777
94344
52145
34348
65082
72330
6906
15142
29806
73798
2590
68458
67376
26016
88327
750
94480
74290
40707
24236
20294
8982
9650
57780
38567
33059
10230
49569
38536
28251
19693
41476
4516
68658
49425
15354
22618
15495
3720
53331
30987
23081
40993
84729
98536
84435
48460
40582
93435
90215
93875
39647
33815
47355
79028
42419
45733
90623
6528
56022
59451
18748
17574
55016
77541
7737
4651
41812
64537
45877
89606
53177
31217
93556
39196
26380
31365
16680
47099
30151
85762
23768
26614
78339
27116
48686
52760
41374
60559
80603
23886
56049
64404
50164
64727
34840
38777
73338
31382
80341
27444
77666
25536
83057
65678
50999
51745
50350
50377
60793
39822
32620
92233
98530
37087
34224
77612
71100
16275
59664
34715
29492
15862
57052
60552
34745
85045
76151
12581
97869
51783
98658
54057
98345
33981
55781
2602
84598
77246
53845
24862
83470
94213
42607
68299
38461
46247
49065
40307
67589
3018
64126
32951
93944
81234
72807
82686
36996
98385
64002
27273
11012
63926
14606
95060
12772
4423
15632
23352
86665
13022
57678
12810
65099
46913
52350
74834
98867
37037
11504
59746
97853
61721
22741
42379
80425
82195
50586
8470
383
1225
84023
63815
26047
91505
40046
36186
55049
22847
97281
99025
60342
79376
71707
91711
49795
75831
38482
60741
57756
47725
86054
97268
69244
23746
88940
13986
50591
77647
96523
60607
27617
5388
16509
77578
14777
47434
46979
6848
55773
18389
84721
90833
5947
92407
13853
43671
87238
85206
10540
35812
63886
20415
18289
38833
97490
29674
84746
65981
8596
58842
81056
20097
34965
37695
96182
97736
55813
15799
47830
44913
11926
20066
63333
64967
22580
47016
98308
17576
21727
53198
3317
75100
98280
96107
88106
83460
11368
62022
89678
65345
6708
13148
17254
78521
41878
80393
54803
42278
29560
98983
48352
65091
24010
10776
38798
37750
34919
94878
34397
37995
1740
43849
73187
40978
7663
50954
49220
95867
12696
56644
62322
7035
19321
47145
18125
76846
98441
18176
25881
31384
38885
38628
3136
24632
11967
11035
65448
2192
54882
9990
80351
38331
37583
49656
92627
54785
77557
48497
34625
89888
91169
4289
13600
51941
3135
13247
22786
69048
95536
14308
50972
57478
55800
89258
43964
68930
21967
61161
94408
66026
88195
73451
69184
6032
81044
97788
23508
66148
20396
46501
4003
17282
67742
58185
49656
66901
48787
50867
59503
71450
32168
65899
94469
59499
63704
13340
84283
68129
32218
4413
56067
54354
13523
21145
83535
53372
77922
42567
47672
25706
45478
4738
95871
83807
26508
35266
64291
34189
74244
89542
36667
65478
25262
51899
68558
78655
42488
3322
57208
37584
27234
34743
58883
83852
30975
6516
7444
31503
24834
56680
41448
13648
18569
99116
41103
18709
72492
30163
18952
30788
8598
58397
56723
9466
13318
13088
58454
30259
65256
67130
4843
56021
65098
74271
82320
19964
69794
57616
39415
79832
10507
59037
67847
19142
34931
91569
17316
5589
94498
42918
1651
83290
8620
78474
48184
35208
80129
19394
96354
39150
72129
71770
2732
60178
54263
35769
89380
52614
48765
57542
85171
74361
84050
11908
40846
26202
17032
93956
84003
57697
88867
50845
59423
14452
69844
89811
45083
40219
32921
83569
84734
19683
82423
664
40854
83983
11552
99189
1552
27421
52959
21334
53596
18741
36563
15056
88362
35306
19247
78230
9869
16438
58523
99566
63146
47955
89132
68235
68332
80113
50739
39773
45867
34336
61149
54256
55248
8239
1842
84574
97104
69594
13045
46277
9796
47021
591
78916
41658
61306
45810
33907
38529
91498
66095
21
27834
62153
79549
93199
87632
4526
74450
88553
13460
43607
26127
37003
82138
34299
19664
27061
2236
56884
47172
85610
94168
25521
61623
60190
39620
37576
97403
62289
38477
89703
7658
27641
54162
77090
18886
62510
87310
85723
98952
6818
66800
25138
82619
31980
29590
95638
26255
39658
26601
16208
66921
15222
23335
38406
62500
19393
29550
19159
32582
67811
41068
28514
