52191
35169
26942
79314
59386
50898
50847
53260
10161
32720
27734
7982
79291
24491
81283
8642
12774
40988
9643
45799
72757
36574
70470
70665
56933
86038
88834
73171
89299
53644
26077
40306
42603
13247
61452
49422
82713
28274
42333
5217
10972
71333
1952
26888
35303
75947
48322
6361
59818
88544
60500
83065
73117
20190
83984
33109
84775
59442
90176
80058
5810
22975
59024
7004
52792
18218
46028
68813
59377
12370
19859
7388
6767
82690
62711
81499
96253
67422
7088
48981
30351
3517
76205
18539
6847
22299
18750
89164
99558
46956
5572
93541
56029
70049
5788
15630
10792
44704
34860
15034
86787
70753
10398
7681
78302
24739
92365
67504
1295
9985
9776
95005
51138
59058
8336
9828
89428
54284
62729
37714
72997
46617
49686
76807
16165
18460
97168
87033
96645
12889
24233
46837
49079
91745
87087
66248
41244
94500
45761
28465
65203
45408
81414
20752
26292
94640
63884
99894
48301
72314
93946
20871
11091
73306
85686
90341
59374
64883
18056
11277
52706
3509
95927
61641
39717
32846
11369
60905
83818
87438
34202
56613
33809
52126
7172
88112
1483
81491
93273
31409
90437
44338
70845
91521
56725
73460
65456
73972
78689
20296
24124
83626
86690
82794
32635
67190
21410
20755
75061
70253
60383
382
83437
75776
2181
26211
78915
13022
67723
65211
23194
827
15321
7983
45413
22004
61476
33838
50490
39528
72694
84534
64369
94321
60127
57656
73083
88803
86384
35357
53531
1955
87015
9724
72792
37192
90579
18163
68993
87166
39484
58600
50014
35522
50880
14381
53372
34623
86702
10499
28072
67991
21578
99667
29935
97923
38537
95083
31605
82270
46116
7643
95424
40253
71445
32109
73447
50465
66810
89310
81875
72376
14776
18861
86396
65585
92694
11233
71969
69399
9454
32231
31474
78764
12444
13594
31831
98146
42876
7203
39001
47934
79354
40359
98678
39120
33815
65056
80165
33360
30567
61491
9318
40710
8378
85541
35193
44844
6982
10481
13571
90969
53775
51841
82885
90690
22473
9263
3116
59845
40459
60988
57671
55054
34437
48268
46752
64563
53870
24555
21510
85323
59688
68856
95314
9700
35963
30582
13432
60373
73585
1245
56022
81233
63532
80964
23147
1084
20432
22894
44477
41585
98155
90511
397
26962
97418
68194
68629
85668
79335
17934
45970
59289
3806
80844
78649
74747
99366
68332
16160
50368
76988
32963
10286
60320
4206
18348
99424
50849
95383
84592
30406
46878
15187
11948
12040
57035
47294
71805
67883
41405
25670
31249
45646
44136
8052
86644
16169
88149
89023
77197
37769
87665
14449
46994
73084
57412
53081
18717
77186
14264
20619
80193
82047
17183
9359
43802
77565
63737
12300
5775
37792
83901
55002
85483
61946
67815
4343
55358
89124
90297
5760
49132
60608
84574
5376
16586
37635
88691
39453
40407
41683
33835
9179
45878
61946
24009
67110
18093
98994
61658
41206
52948
44572
39739
38170
91097
32053
13544
13521
75755
14982
14229
42039
56435
25529
90081
45205
45823
8354
17759
76434
31668
48644
60405
10230
83562
20847
20073
84429
32112
90433
63082
91610
44255
29517
9449
32365
40105
99859
24305
25597
52391
69076
23530
61167
8586
70311
16902
93941
26813
34639
2883
789
37373
88946
89837
33747
69884
78610
53868
57854
59441
982
77204
59896
71888
68375
74240
57818
57423
82665
62008
84661
78642
79816
77654
67948
37790
57222
55780
37976
10591
78929
26783
256
80736
78965
97267
32361
86020
36719
45634
96501
77452
50835
31037
73506
59872
19497
16716
42794
98876
70545
9209
63049
864
19786
50344
65469
72869
54642
52760
17801
25228
35572
90469
77734
17569
24322
5929
5978
31353
40760
34514
91533
22276
21043
57406
98694
38612
93028
74091
79680
56276
47108
68742
20797
98546
62356
11677
7113
13325
65220
94136
99782
15041
27585
93596
83270
16684
42822
77587
24405
27541
49630
39120
73137
2490
14018
68346
31966
91585
24836
78906
45877
40160
31913
34192
26263
6967
78819
75984
11173
77417
56419
52743
1413
11541
40524
34662
28653
76830
15962
83017
33634
20087
41621
92624
95416
32016
72770
41338
81230
14113
8972
86682
10718
98019
62646
68996
52080
77480
43508
10659
44636
54181
50344
80381
64420
12343
94390
70390
62089
97331
34431
1915
83368
13629
6605
9479
89602
48848
83833
81398
22513
27194
66642
95113
22021
56736
32228
86666
97028
83408
3835
67203
82362
50375
60328
83222
37371
29644
69611
80699
99542
15134
92230
6522
5831
85295
42253
10901
75613
98030
92300
60920
12713
20917
88313
2142
97183
217
8917
99947
58186
38136
25451
92540
1101
69430
62898
28924
33672
70076
7080
18231
6968
80100
29139
51114
78405
76872
58278
41965
36389
44617
91799
60275
25526
43967
37945
4742
91248
6354
87662
67943
49919
92128
85218
41149
14580
409
75609
58905
35252
92516
93291
37943
54456
54804
46469
89333
41954
62254
47965
96434
44670
21665
39967
36909
42294
52218
37312
11814
37889
58231
70455
16139
64117
95546
50874
22237
22234
35933
34946
12430
66665
40554
68474
20764
84603
41241
46785
2791
60399
23087
22570
25320
44418
75258
1717
16595
39959
75278
89885
41186
96199
2908
75800
4876
3584
88134
52109
47090
2367
49123
42267
28953
68298
993
19300
50311
53104
9172
84624
65185
54429
95374
31366
30557
77398
39886
85597
32686
85021
52577
69528
26117
23353
32009
55620
37967
65367
14454
1286
96365
76338
76692
24576
77990
50250
98729
65347
16333
21939
77252
34832
87925
65146
36255
19760
77188
98145
33932
79868
89204
55668
93415
87714
99418
70762
94186
60265
55125
42895
65108
18017
60330
88195
13675
34966
23911
83812
12707
6598
60504
13074
1853
8522
41596
29450
43972
16944
61093
81705
95452
21757
47617
76961
70408
37782
91660
33574
34430
18918
62130
12205
45779
57896
76745
83068
45504
89551
51998
88630
51212
47423
33453
49169
44093
7868
23029
73867
84540
87803
22127
44885
62449
27635
93382
80073
31651
45193
87316
72307
1480
3239
9306
17876
57957
33096
84799
62699
38868
33613
42434
85385
38350
60871
65556
58205
75907
99801
10682
9906
2467
66728
43934
42026
95831
48291
39992
64650
60917
59253
61542
47520
31398
29826
99442
63659
91986
63757
82352
19545
30008
16542
61499
55285
74959
20017
3577
39362
6875
48395
22893
34397
27392
63835
57468
12130
62070
48320
32292
25921
49621
11168
82201
