20093
41599
57441
28103
28213
61295
67504
94458
16392
26997
81101
41911
86371
11724
84223
371
8657
13367
70158
64583
2333
51960
71931
4022
91902
88416
20811
14015
58875
70857
53089
18951
8832
53454
2661
74066
65390
14431
17910
9187
90724
30773
7976
14887
63496
45678
41577
46005
31618
40128
86024
28152
69462
55410
29360
43894
92709
75707
49980
36034
17327
62379
44687
98519
61818
33362
66593
26416
14726
17568
42739
14546
32312
43533
83661
52266
70203
85355
80503
89570
46979
17676
31252
81169
90232
80139
33871
31477
29486
64809
62791
54298
43866
8164
19496
71247
67539
40503
24167
74682
72863
72829
96299
52010
85848
96677
45181
42808
53295
81828
24806
59120
89548
25807
31303
31184
8759
2095
17693
12195
96496
19752
50376
49943
62043
2645
59620
31755
63981
88984
18263
69991
88375
77909
36287
22548
63745
41713
69653
61999
98561
78308
48800
92169
76865
21839
47509
25744
11332
3489
62820
75910
78152
68581
42065
35537
32179
99030
50122
7367
26464
45619
26079
9389
75722
55778
97638
6904
49874
33915
12714
83403
56938
66876
41215
2868
38914
45750
90575
32264
89950
60847
68469
48468
46108
39107
24496
76916
19530
8302
79689
19529
99351
50504
48913
8176
46559
10154
1957
19844
87371
69885
14442
60930
72296
74924
84616
53302
13926
64171
69970
66411
72062
13042
84044
66601
84240
22642
96114
69801
4385
49481
38622
96028
12837
27814
4327
17508
18367
36694
89525
53221
57603
63944
35518
94142
44765
49258
39044
50500
76772
16689
67025
44249
12528
14220
64922
35098
24023
6366
97003
24594
56219
91074
99876
85016
61462
30097
26107
30647
66590
23215
3638
77098
84571
70070
72921
85069
36678
1629
16691
5690
3645
44127
91050
29421
45591
71310
60828
35514
7608
20306
1686
17796
15816
11901
78041
47159
47653
1933
76779
38505
73280
87496
76975
88024
19649
27089
27081
39323
6630
92030
61310
90039
15248
16387
75297
23437
30021
15989
10133
63439
26553
19598
66069
65001
83591
76576
50658
23930
56768
82987
21848
65636
36558
60135
96266
703
98117
16645
30746
72253
41117
9904
50369
71818
4438
6712
7572
49342
32072
92202
41427
37675
52181
89594
70886
97384
99180
78295
14120
91203
28716
23939
64195
22130
49942
92503
21041
21579
73657
47958
51027
64310
76369
92297
6629
329
20067
8782
67180
69877
19009
30999
18137
74349
92250
86395
3291
94469
38938
10688
51881
59822
87109
20715
38088
9924
58783
98338
363
25221
24852
51590
83177
83604
33983
30905
78859
35108
71659
78841
88752
71646
24169
296
75827
96244
90794
10327
42044
1882
91376
91247
5948
50678
35318
26027
22735
27
57887
61013
15697
12895
98106
56991
37284
70574
35813
1147
29958
28476
985
2867
13594
87916
80267
36723
61156
69562
55905
44767
44668
49216
71147
47849
3624
70679
34580
5034
84252
7796
20284
18861
19142
47008
24680
94016
9906
11813
70594
52025
67031
45100
4062
19954
37215
59581
42172
21055
15870
28659
10437
23961
49485
78183
36574
37640
91926
74035
88580
36961
41323
91583
15588
88136
61670
57535
87553
33489
31520
78719
77737
50362
20564
50722
23414
96600
85100
65443
82144
74712
6054
90665
33256
30769
97740
47803
31119
31085
35010
56404
80267
75505
12202
10478
81202
96585
92023
6589
86586
90081
41067
79903
82547
89246
82022
83564
89664
6849
26026
46862
59195
95308
22178
61138
41072
69143
96610
19094
77381
35329
81517
1318
49982
68683
6141
77477
61728
81850
85540
21669
7455
98380
67907
82666
216
7109
72530
99425
24416
27313
68644
14111
39942
65386
85171
63919
48112
9119
99530
49666
42666
42869
91406
15026
178
7532
69628
65582
20747
73821
44109
60775
67113
4126
80275
89743
85614
10364
76271
99451
38441
1956
99144
8620
31534
25031
89919
92048
42150
79708
48113
95697
34493
17107
62752
41080
96301
91062
69229
95597
57269
35238
84251
84827
3964
3102
69999
32517
32756
96337
89135
31742
17938
62909
35044
67214
6053
2281
18617
73455
39155
61562
63040
88813
23128
28448
5307
72182
71721
34239
38401
36236
36342
6693
30373
3159
12170
3114
33623
54768
9297
50804
97423
24522
10780
28725
45081
84661
63548
886
36001
27408
33859
66204
97069
95571
57957
83954
27733
91254
54445
90569
36252
31319
58945
67862
15427
96667
30779
59817
29421
68814
46545
80066
70264
64252
29132
7254
11074
37018
78407
98695
41214
43278
49087
86765
12740
66689
39883
98190
68575
91804
22751
52639
36991
20963
6504
80268
34647
71238
41887
4320
81460
59173
15797
51075
95905
58445
62680
99073
7038
79469
62256
49145
87139
17787
94088
50103
41087
69283
887
60508
61318
93709
70544
56039
23124
92558
69142
66739
17407
87234
67092
68365
18930
69666
19111
15351
17330
33186
47941
88970
96744
61843
48747
5654
64962
8296
34830
40250
49272
59722
41724
44849
5481
39521
7658
84661
6988
66237
56445
99865
40403
88780
43525
4701
11838
4949
25855
96404
71101
74391
10398
68586
46205
33062
60331
39526
29448
17428
28442
88409
51940
61926
89974
43004
76052
59488
22141
65504
15980
30589
34300
74911
5933
22624
52587
89900
35427
36628
70675
13349
71762
33117
25045
81321
82217
92702
96519
16500
72897
47161
87315
79700
35168
64867
51092
43247
25380
60609
21421
26666
38416
85991
10160
92860
98895
70035
59999
4230
45794
80312
74239
30350
16165
37411
51533
67321
6108
26827
14166
9732
82296
32512
31588
17388
58427
35881
52716
69799
58105
94801
30409
60117
48534
25645
30401
69305
51770
12352
82828
83085
76745
31365
31079
38480
49443
65117
64021
65341
62271
88802
32358
88588
85289
95266
91207
9074
819
86848
85259
85253
3344
28587
91420
8299
56340
59152
63565
18381
877
21074
5317
51702
82415
60342
69307
11600
74223
31188
27983
43792
73498
82200
16618
54678
27554
4112
85071
90685
94851
12952
21892
47616
4279
22727
56017
35256
12629
92908
863
62714
14453
66209
34724
91141
86364
79108
84875
79566
39214
95885
87166
8932
38322
96338
91064
57885
26610
6578
22281
77905
30571
20485
28164
93048
52776
47091
68787
71596
48345
15014
64499
72776
11280
43733
11268
38703
4786
11142
38360
16296
92872
26095
60560
71092
11631
79903
35736
23178
83790
35074
73159
67179
6882
28031
48959
25933
35474
28704
61087
19612
82008
54978
95288
21598
57110
57649
