2496
11019
51332
92843
91749
80
91700
20497
41127
49628
92281
9785
87311
11124
37088
72629
11886
22068
67072
76349
22936
99903
56633
40853
8236
72654
62929
10462
64683
70287
75094
40679
79876
53084
29358
48961
41261
67930
88943
70002
93403
79726
82269
98200
21918
95562
92923
80162
78021
17926
59302
19019
50495
94391
52937
40448
31809
25160
8755
50309
78549
34153
22060
21868
49943
32503
31073
2998
31524
70932
23182
67357
60136
89330
46084
2697
50573
52072
48034
52009
99451
67242
63804
44295
92005
6883
59172
91793
26623
19407
39957
14782
96640
34443
18059
76252
52914
62821
44927
670
87192
4463
83346
2450
13423
4844
28905
18518
76133
32563
50117
77612
53426
85571
52956
15679
72520
9842
15896
5982
17589
77703
20360
24705
72640
6093
82640
63932
41968
21799
37960
85259
25102
45032
79430
94812
63021
92676
93625
76736
47065
33168
14418
69286
67063
21759
59667
2918
51374
83850
26937
11030
9481
44120
28672
73727
97398
10121
34131
52674
1641
5646
6836
28767
87947
90200
89901
29655
33034
12881
61478
15654
26304
98010
84583
76154
78625
22294
63871
77105
1296
36585
30800
82917
90906
91512
42175
85738
40958
40718
90628
501
87974
59955
75578
22661
95670
76692
5600
75469
96309
66840
21919
2655
5209
59973
34277
28380
4408
63538
55977
98677
70422
33389
68244
87202
87683
75818
97394
74703
20220
20576
87159
10814
83562
26253
42371
80170
50267
81264
64533
53531
61086
70574
40328
72314
2797
82500
24026
2710
82413
11121
3820
4418
27758
75118
59469
14608
15335
14577
6172
28843
54298
17205
7352
89618
70999
94530
76356
42832
76142
22838
76912
61503
25902
95978
6571
79084
50788
45176
5855
69236
50094
52178
97859
15852
49854
70968
25397
66332
92938
37654
65060
94176
52085
89485
3856
33183
56660
55867
64042
63835
82601
95086
80117
1826
30684
7019
93488
65988
1203
50150
73359
78056
26454
75542
16965
40694
94971
70838
38947
53205
53589
30683
33618
60811
99413
46980
74572
85837
91433
49084
11626
60156
30816
39465
69369
38387
62401
52674
65651
19305
98218
64781
72571
20266
16924
92790
76884
11773
35180
43094
56368
71400
257
20029
27575
12882
54874
83952
78782
38640
4369
89654
32212
73145
83819
52389
64851
48895
69659
52517
78336
28947
34369
98988
54102
50078
86262
59242
35160
40686
55289
46331
3962
18216
10374
8618
55386
77642
40893
9808
96906
93193
82180
44641
14991
54053
88339
57625
28104
56197
817
80480
5253
68956
76971
18449
9384
58769
25220
5961
57043
98830
94871
2743
29648
7040
742
32209
17077
42452
35629
76464
32573
27718
97611
65631
33168
37571
71013
36530
27186
69279
10290
31883
20230
26549
42544
78974
18292
81600
57413
41350
91267
52801
23272
58089
83152
14308
85322
80386
48616
86999
35760
44337
33635
50322
25324
59578
29230
64405
68634
15352
5080
82914
19598
1485
4642
70744
49300
92234
29225
79162
62460
98160
31874
39414
83922
11802
77479
16981
59381
45301
29965
41476
67725
58260
22713
58511
53302
77122
18786
25390
44054
90336
98411
34085
42250
54103
47153
68461
93832
55753
65031
97947
53861
69943
87879
56698
76198
60899
12463
842
14596
1660
77759
86851
28735
418
53494
36348
23992
10256
90461
78035
4895
45701
94451
4124
70685
88715
4241
89252
35541
87505
19850
38635
15051
82478
51978
58856
97479
94582
11453
62488
31923
93216
82273
61088
72797
42729
41126
66427
47060
24545
53925
12081
50807
94311
28061
13618
24570
69318
54245
78863
9996
38197
67126
39961
87585
71643
62373
89067
96528
79731
61975
55601
68767
31138
67436
80781
1749
9631
62348
23773
9847
92369
56121
64830
94420
43183
93202
17432
4576
11518
23983
95565
75311
91412
13602
87801
52233
68621
8979
61049
72433
88400
3123
75059
24827
60784
48252
50616
32992
55878
96015
21200
25173
94223
65442
10479
69758
38552
56119
1785
37938
68389
70249
25508
85306
62011
20071
7932
11884
67597
46712
97672
26118
5273
57713
18845
7179
48924
52373
80716
58346
74437
57470
38263
73665
5682
54239
62854
56648
60376
64969
80444
5450
61306
34338
87411
13125
89508
32784
55475
59750
3551
32804
93215
98969
48743
82556
89437
21326
66185
1534
24429
91931
76359
7918
16773
62301
8655
90114
54335
24471
21568
84422
73192
30664
41640
66064
47458
77520
96027
96938
62271
97697
96009
79167
56887
73185
80669
86654
33937
90750
96252
19145
91075
84358
17894
4987
93442
67293
7823
35303
48262
69989
739
63200
65754
90048
17930
11903
44437
76276
27818
73419
73832
1170
22022
62692
85921
14275
77312
87777
92934
7147
26994
6589
97786
11309
47724
32103
86098
63994
97230
67874
62440
51421
79319
67774
93262
4039
54660
98903
28452
37116
84998
25639
53383
9572
47525
86191
29186
96292
67988
60044
24035
17422
35565
25878
15428
99045
41679
89190
85052
45562
67665
86243
11801
76632
92166
11324
36789
9756
34838
23611
17329
68506
76536
80594
89079
19466
63185
98320
84927
48526
70190
14102
53091
67572
19354
21445
19007
65625
79901
96828
76842
77055
25997
38190
39788
36830
99672
45621
95059
11523
13569
96268
14134
96642
12769
42922
128
64736
56139
54549
8041
51883
93045
98802
86216
76324
66345
82385
37894
36017
9850
42476
4695
76438
64612
98502
8832
85018
11842
34400
13210
15714
6884
86004
53025
90296
5190
19751
89898
501
62109
67483
7228
83779
31755
72634
15575
4886
8203
16357
70665
38736
5688
25182
87031
60884
82481
98526
30561
65041
10753
59022
94001
9026
13090
79474
36202
81940
71315
97353
48106
66976
52478
24816
6803
85495
66711
73246
91243
92301
59603
561
57029
20387
68883
91623
81192
56133
51989
96528
48202
41951
62041
80669
92721
72942
2753
42273
9520
26587
71160
86390
9954
7553
36514
2732
21171
41621
70110
5272
36951
89901
8380
16436
84362
48817
72515
49142
66522
11824
94530
51085
7842
54132
9412
88593
29629
96531
42088
79149
17377
95669
79840
37754
86668
47900
39968
44718
58645
71585
34664
74653
21025
25832
15073
38034
52981
92094
30557
57107
13691
10252
4697
81100
5683
22281
42789
96803
73827
60262
48522
72604
95057
48312
85143
70048
42777
6704
47891
92302
23809
11709
22196
27561
25161
91085
82056
35422
18604
6143
74844
86714
36238
45938
72705
42858
45149
81316
70320
58543
42050
