38759
59224
35275
81685
12375
94977
77028
26077
498
10651
28728
68850
49568
24961
30723
69174
10966
83174
75641
66271
38324
1565
46413
92620
5164
84683
48167
62282
11097
95028
69112
27286
67822
46023
23911
42678
14709
9742
34276
69663
93213
50389
29874
51174
29273
47553
94473
83900
45856
80676
26653
80936
63272
60436
16277
16157
81636
40502
58532
78414
87290
84228
9884
25779
9705
38553
2863
16956
40180
9165
16895
92187
45075
84736
91858
29760
46991
58256
15613
84716
57089
35737
21486
29709
42297
54337
19802
60769
93861
88174
83998
35742
19452
85302
17521
83976
33059
16244
74642
23081
46787
65100
71819
92181
98275
23082
39903
99029
72792
55212
53893
25422
34538
82314
68560
24436
77383
28134
40601
7439
83227
8154
42354
63755
16472
64177
51820
37013
52622
69207
25971
70850
34192
19353
87112
83958
84860
26900
9475
80415
28622
38646
60582
89938
68518
42788
94424
60096
18954
26715
62784
8313
24361
23554
45936
16371
83175
37146
88011
49189
44562
97136
75025
47159
29713
88093
21339
70867
78115
68213
39724
32775
13802
94622
94861
52418
49798
57681
89094
72928
40730
20795
32333
97902
77253
28713
78951
91541
84999
85702
9031
58485
43568
83304
70276
41658
42671
36565
45998
42206
51248
90446
28745
20642
77692
81633
69937
89532
27162
54243
21935
28144
71411
52634
44445
27210
50270
29708
98975
77335
9652
29924
1838
94966
86092
19760
22448
60641
64488
7439
65489
79294
27488
88062
59040
60192
62234
26561
95840
63953
68815
84156
52650
14095
38545
51862
33318
4771
82055
11280
23744
86449
60407
51037
19092
30126
93942
74426
27086
37545
4044
43944
70327
89281
53437
36448
93154
72287
64478
56267
74271
23586
49213
13061
43607
17083
48105
40422
52782
68261
89470
85867
41822
9802
92864
65445
28064
6394
72186
99661
99984
66249
6639
51154
15297
34988
42573
14148
88904
92431
75290
38833
93100
53307
48092
64122
26561
83506
6656
21755
49693
50852
22662
32588
36953
89818
59475
72436
3248
93834
58050
20009
27954
95037
26114
90595
54959
76744
33579
93751
47424
68165
64421
60578
46064
48080
3657
86626
21343
41838
68122
10878
78120
75904
44646
46448
4710
18911
72112
38992
79073
14413
42197
9432
15558
73204
56297
80507
42840
46314
15647
32470
69611
68140
71164
24744
67995
36517
26262
38728
62184
90819
66256
86809
98975
7983
75993
97538
42173
19958
744
31389
28261
17490
43207
7746
89001
12585
75308
7615
50047
98809
14693
57508
45844
32606
28426
84400
70424
36911
81441
78021
19315
72487
60720
49813
76702
15167
80888
6925
99677
3040
32497
32240
83237
95704
82147
92725
68223
83121
88138
66190
77462
21510
9417
15550
68963
44137
90058
11796
93998
76715
1839
57655
12025
98020
25041
26927
79248
27613
46609
55704
66610
13315
35298
65586
43265
61615
99308
11954
32711
13983
83289
21398
78908
38644
98158
67670
36985
43150
27357
25164
61403
91914
52599
58168
21184
24816
27862
8354
21161
37607
47135
19058
94656
73428
81269
50444
99454
46270
98774
13072
69388
19713
86420
81237
65773
36932
13674
84358
34455
30403
94237
15875
6987
59642
84706
63205
53004
66855
29884
3103
3965
94800
1053
84206
53476
63691
90226
24353
29415
23524
94035
24221
50470
8043
24627
71673
83354
96590
44320
19216
19424
54623
86733
33341
68703
57093
18084
74880
96241
35105
78127
76043
17945
71523
9298
16392
30155
14662
16335
69002
23185
20190
32740
98341
37244
32382
40811
89504
28200
90764
4184
80781
63028
92511
96667
39271
85008
8663
51480
67017
97605
77336
49918
80159
69412
27530
47551
42731
1187
50314
39021
6409
49013
10402
7000
57276
81011
32356
52894
75417
74138
95764
92555
63704
30381
19883
28327
54547
58630
71251
63651
47655
71127
65577
44564
46031
45411
48826
36750
25733
5956
37482
93603
84099
22201
12819
31146
4279
34610
24964
63468
47607
85028
8771
51554
8899
60584
52798
87380
7720
34260
15186
34324
32861
60752
61407
62987
75503
55232
58810
55777
66764
89712
86197
29206
43969
6897
59519
28605
54808
80702
23893
16483
85849
54816
35744
9916
36995
77739
20595
61360
83773
30458
525
56964
44435
14047
49144
50720
41771
69123
6987
81072
30189
71657
81861
2373
23921
38014
6907
16934
56794
83411
58865
49374
58612
35365
1286
47647
51839
37371
47169
7374
38353
78292
18516
96331
77485
62012
47224
60579
76213
38981
46726
53467
99097
17078
31584
18743
45157
6544
1492
2222
8960
16597
99997
49178
21937
42786
95037
86157
56650
36292
61168
72400
12062
72326
60152
75587
37963
54121
39580
45735
50016
36661
27417
85886
35758
97977
21749
36413
93239
70453
3691
89716
69653
53194
10684
84105
55317
93731
12965
33923
87850
36002
19998
82182
91567
68558
93247
66496
53320
6416
51445
81242
59337
14178
59176
39266
86323
58773
27251
22761
50737
1967
1635
57227
88171
10899
98412
43004
9044
57727
51482
57073
88689
24056
17114
17951
30244
37436
92552
95737
99619
81883
77752
96184
15673
42058
21016
88873
59736
46969
69514
22451
97254
11621
49683
27913
4168
74908
76379
74469
9745
3853
77895
71042
40636
54403
47122
24989
53533
44426
2068
53899
32048
11504
95501
89387
43980
36920
42357
92971
9675
14314
89442
14710
49855
31380
71647
44913
15358
18587
73367
23247
85040
36714
68513
44866
80211
82876
49471
5220
61025
90095
65004
79728
52548
15515
79307
96396
16026
30064
91439
89229
13787
33184
82919
49428
30388
44660
49967
84449
19717
94610
12564
58528
66073
49600
7100
47897
58863
97186
92297
51949
30191
20788
68621
61437
33042
90986
5993
50749
78942
14564
96595
91730
10336
80282
80996
14423
86679
82587
3742
54791
85902
62319
66236
52097
27590
91396
29223
16205
37354
43289
41413
60691
55593
93300
27223
34968
47965
67634
31447
37096
80574
23060
6906
73119
65386
95018
24070
36688
6365
85028
56635
48982
50994
35118
47268
4342
31904
47433
97201
62594
41917
26343
10253
5109
59885
68482
26042
30996
43790
41484
37740
6484
36716
69004
19756
21950
34450
30282
25849
81756
63141
18444
72368
56978
56806
40304
51254
90140
78473
76866
61343
1627
31506
21945
69908
11782
82115
73649
60079
80227
69929
42048
89963
47062
29370
34361
19759
13666
78774
3845
92118
17570
18647
42008
44499
58611
71282
86995
2638
88989
50087
47783
69446
